Index SiteLabel FirstIntensity 0.008 0.012 0.016 0.020 0.024 0.028 0.32 0.008 0.020 0.028
1 I2N-HN 4703000 1.0000 0.8675 0.7903 0.7370 0.5681 0.5545 0.5139 0.9798 0.6523 0.5743
2 V3N-HN 1551000 1.0000 0.8665 0.8904 0.6654 0.6133 0.3734 0.4235 1.0961 0.5847 0.5080
3 V15N-HN 1589000 1.0000 0.6948 0.6551 0.5884 0.4304 0.3535 0.2907 1.0000 0.4843 0.2957
4 E16N-HN 3227000 1.0000 0.8478 0.7570 0.6226 0.4874 0.4431 0.3960 1.0139 0.6092 0.4782
5 V17N-HN 2099000 1.0000 0.7623 0.7556 0.5908 0.5565 0.4286 0.3619 0.9981 0.5031 0.4689
6 S19N-HN 832800 1.0000 0.8409 0.8408 0.7360 0.5072 0.3092 0.3342 1.1968 0.6078 0.2690
7 D20N-HN 1641000 1.0000 0.7367 0.7154 0.5317 0.3714 0.3788 0.3008 0.9232 0.5091 0.4250
8 T21N-HN 1222000 1.0000 0.9247 0.8666 0.6295 0.4973 0.4367 0.3282 0.9043 0.5718 0.4235
9 S22N-HN 3099000 1.0000 0.8196 0.7470 0.5783 0.4579 0.4059 0.3401 1.0116 0.5760 0.4198
10 I23N-HN 1460000 1.0000 0.7753 0.7185 0.7000 0.4668 0.3338 0.3622 1.0240 0.5649 0.3988
11 F24N-HN 1621000 1.0000 0.7656 0.7514 0.5473 0.4837 0.5188 0.3611 0.9118 0.5351 0.4615
12 K27N-HN 1304000 1.0000 0.7662 0.7262 0.6100 0.3815 0.3942 0.3291 1.0836 0.5892 0.5049
13 V29N-HN 1354000 1.0000 0.7703 0.6922 0.6274 0.5370 0.4855 0.3615 0.9801 0.5671 0.3700
14 V30N-HN 1118000 1.0000 0.7250 0.5845 0.6522 0.5421 0.4469 0.3920 0.9410 0.4469 0.3636
15 K32N-HN 1894000 1.0000 0.7318 0.6478 0.5829 0.3921 0.4233 0.2894 0.9673 0.4812 0.3190
16 R33N-HN 1489000 1.0000 0.9255 0.7435 0.6471 0.4522 0.3758 0.3772 0.9033 0.5013 0.3573
17 Q34N-HN 1022000 1.0000 0.8104 0.6932 0.6540 0.4070 0.4960 0.3155 0.8062 0.5046 0.2892
18 V36N-HN 1309000 1.0000 0.7869 0.7597 0.6853 0.4777 0.3628 0.3040 0.9847 0.5766 0.3717
19 A38N-HN 2545000 1.0000 0.8436 0.7371 0.6766 0.5301 0.4782 0.3787 1.0016 0.6083 0.5096
20 D39N-HN 1428000 1.0000 0.9013 0.8452 0.6921 0.5571 0.5401 0.5614 1.1008 0.6725 0.5739
21 Q40N-HN 1206000 1.0000 0.8342 0.8872 0.6475 0.5887 0.4693 0.4547 1.0000 0.5965 0.5039
22 L41N-HN 1417000 1.0000 0.7389 0.6367 0.5316 0.4828 0.4466 0.3440 0.9421 0.5118 0.4579
23 F45N-HN 962100 1.0000 0.8045 0.7288 0.4774 0.5395 0.3547 0.3124 0.8767 0.3987 0.5179
24 A46N-HN 448200 1.0000 0.4594 0.4427 0.3302 0.3269 -0.0082 0.3164 0.6564 -0.0172 0.1739
25 G47N-HN 908000 1.0000 0.6322 0.7238 0.6551 0.4072 0.3731 0.2928 0.7468 0.6109 0.2812
26 K48N-HN 1194000 1.0000 0.6132 0.6913 0.5729 0.3739 0.3282 0.4684 0.9581 0.4538 0.4113
27 E49N-HN 1895000 1.0000 0.7288 0.6501 0.6079 0.3898 0.3406 0.3389 0.9467 0.5546 0.4068
28 L50N-HN 1808000 1.0000 0.8014 0.6621 0.5763 0.4577 0.3773 0.3628 0.9873 0.5078 0.3614
29 D53N-HN 1009000 1.0000 0.8031 0.7181 0.6843 0.6015 0.5552 0.3139 1.0803 0.6250 0.5362
30 W54N-HN 1365000 1.0000 0.7318 0.7516 0.5907 0.5484 0.4530 0.4442 1.0982 0.5813 0.3610
31 T55N-HN 1895000 1.0000 0.8185 0.6770 0.6475 0.5011 0.4427 0.3903 0.9889 0.5467 0.4493
32 Q57N-HN 1980000 1.0000 0.7177 0.6556 0.6177 0.5136 0.4670 0.4254 0.9424 0.5934 0.4382
33 N58N-HN 1827000 1.0000 0.9009 0.8779 0.7805 0.5966 0.5818 0.4602 1.0285 0.6743 0.5550
34 D60N-HN 1305000 1.0000 0.8061 0.6840 0.4474 0.3373 0.4238 0.3450 0.9410 0.4684 0.5084
35 L61N-HN 1889000 1.0000 0.8592 0.7343 0.5971 0.4540 0.4720 0.3019 0.9889 0.5823 0.4511
36 Q63N-HN 1735000 1.0000 0.7908 0.7862 0.5733 0.4544 0.4496 0.3367 0.9821 0.5456 0.4205
37 Q64N-HN 2455000 1.0000 0.8921 0.8220 0.6534 0.5715 0.5723 0.5165 1.0033 0.6884 0.5878
38 S65N-HN 1641000 1.0000 0.8403 0.8111 0.5999 0.5636 0.3963 0.4099 0.9976 0.5878 0.4734
39 V67N-HN 1495000 1.0000 0.8314 0.6977 0.6339 0.4720 0.4613 0.4393 0.9739 0.6674 0.4922
40 H68N-HN 675100 1.0000 0.8425 0.9002 0.5448 0.4841 0.3160 0.3620 1.0083 0.5248 0.4475
41 G77N-HN 1345000 1.0000 0.7344 0.7710 0.6800 0.4839 0.5653 0.4555 1.0283 0.6561 0.5262
42 E98N-HN 4694000 1.0000 0.8658 0.9369 0.8737 0.7652 0.7203 0.7194 1.0045 0.7512 0.7461
43 G118N-HN 2963000 1.0000 0.9845 1.0074 1.0189 0.9291 0.9602 0.9322 1.0233 0.8961 1.0071
44 L119N-HN 12330000 1.0000 0.9027 0.9886 0.9546 0.8654 0.8848 0.8897 1.0032 0.8727 0.9132
45 V121N-HN 21800000 1.0000 0.9532 1.0183 0.9968 0.8922 0.9257 0.8844 1.0092 0.9018 0.9486
46 I122N-HN 24980000 1.0000 0.9035 0.9440 0.9392 0.8090 0.8767 0.8643 0.9996 0.8803 0.9047
47 I142N-HN 5352000 1.0000 0.8492 0.8130 0.7767 0.6708 0.6437 0.6078 1.0056 0.7257 0.6801
48 Y143N-HN 1108000 1.0000 0.8569 0.8199 0.6455 0.5515 0.4136 0.3695 1.0190 0.6049 0.5490
49 G160N-HN 811300 1.0000 0.7758 0.7121 0.7029 0.5608 0.4548 0.2948 0.9074 0.6195 0.4778
50 K161N-HN 662900 1.0000 1.0127 0.7383 0.7018 0.4581 0.2759 0.3228 1.2835 0.6386 0.3717
51 L162N-HN 1162000 1.0000 0.7848 0.6516 0.6259 0.4051 0.3565 0.4450 0.8361 0.4744 0.4422
52 V164N-HN 1794000 1.0000 0.7876 0.6215 0.6594 0.4125 0.4555 0.3310 0.9225 0.4859 0.3878
53 C166N-HN 1751000 1.0000 0.8492 0.6996 0.6362 0.4762 0.4279 0.3836 1.0308 0.5350 0.4296
54 C169N-HN 1450000 1.0000 0.7497 0.8007 0.6726 0.5242 0.3839 0.3468 0.9634 0.5316 0.4465
55 R170N-HN 992400 1.0000 0.7484 0.5793 0.4365 0.4124 0.3086 0.2735 0.8823 0.5483 0.4728
56 Q171N-HN 1685000 1.0000 0.8119 0.6718 0.5693 0.4405 0.3509 0.2805 0.9223 0.5016 0.3689
57 Q178N-HN 1544000 1.0000 0.8051 0.8374 0.7247 0.5628 0.5079 0.3313 1.0214 0.6084 0.4775
58 G179N-HN 1284000 1.0000 0.9587 0.8520 0.6497 0.5643 0.4499 0.4111 0.9696 0.5541 0.4482
59 W183N-HN 2074000 1.0000 0.8317 0.8255 0.7223 0.4986 0.5087 0.4313 0.9421 0.6336 0.5222
60 N190N-HN 1709000 1.0000 0.7759 0.6934 0.7039 0.5132 0.3925 0.3651 1.0006 0.5757 0.5183
61 R191N-HN 1762000 1.0000 0.9098 0.9109 0.6947 0.5970 0.5129 0.5008 1.0187 0.6782 0.5474
62 S193N-HN 3733000 1.0000 0.8098 0.7450 0.6218 0.4875 0.4460 0.3935 1.0279 0.5572 0.4508
63 G194N-HN 2631000 1.0000 0.8814 0.8149 0.6971 0.5587 0.4253 0.3919 1.0863 0.6613 0.4930
64 E195N-HN 2476000 1.0000 0.7548 0.7165 0.6280 0.4943 0.4176 0.3139 0.9758 0.4947 0.4342
65 C196N-HN 2825000 1.0000 0.9012 0.7058 0.6312 0.5281 0.4800 0.3653 1.0219 0.5936 0.4761
66 T204N-HN 867600 1.0000 0.7098 0.5339 0.7080 0.3581 0.3683 0.1472 0.6458 0.5390 0.3360
67 A206N-HN 2234000 1.0000 0.8295 0.7046 0.5743 0.4088 0.4354 0.3927 0.9964 0.4794 0.4781
68 F208N-HN 2379000 1.0000 0.7797 0.6511 0.6347 0.4678 0.3684 0.3518 1.0479 0.5246 0.3904
69 F209N-HN 1768000 1.0000 0.7726 0.8156 0.5507 0.4313 0.4386 0.3951 1.0356 0.5928 0.5053
70 F210N-HN 1027000 1.0000 0.6970 0.7020 0.3802 0.4278 0.2891 0.3195 0.8652 0.4800 0.3579
71 K211N-HN 695600 1.0000 0.6129 0.7931 0.5226 0.6149 0.4313 0.4011 1.0568 0.6170 0.4081
72 I229N-HN 1068000 1.0000 0.8219 0.5698 0.4512 0.3022 0.2800 0.3291 0.7732 0.2800 0.4070
73 A230N-HN 751000 1.0000 0.6479 0.5810 0.5096 0.3055 0.4780 0.3170 1.0240 0.4217 0.1543
74 T231N-HN 597800 1.0000 0.7074 0.7521 0.5457 0.4058 0.3356 0.3622 1.1350 0.4021 0.3528
75 N232N-HN 1488000 1.0000 0.8911 0.6687 0.6501 0.4897 0.4046 0.3371 0.9798 0.5779 0.3337
76 D243N-HN 2127000 1.0000 0.8340 0.7588 0.6939 0.6305 0.6055 0.6004 0.9586 0.6338 0.6192
77 V244N-HN 2583000 1.0000 0.8184 0.6961 0.6160 0.4715 0.3937 0.3506 1.0197 0.5645 0.3941
78 R245N-HN 1628000 1.0000 0.8870 0.7457 0.6143 0.5896 0.4252 0.3994 1.0375 0.6064 0.4267
79 V248N-HN 852500 1.0000 0.6179 0.6026 0.4104 0.3368 0.3702 0.2691 0.8969 0.3848 0.2595
80 L249N-HN 1100000 1.0000 0.7794 0.7498 0.5771 0.3517 0.3981 0.2318 1.0436 0.5652 0.3385
81 R256N-HN 1666000 1.0000 0.8812 0.8361 0.7155 0.5373 0.5504 0.4409 0.9970 0.5761 0.5618
82 H257N-HN 1401000 1.0000 0.8158 0.6627 0.5668 0.4654 0.4345 0.2892 0.9600 0.5127 0.3612
83 I259N-HN 1129000 1.0000 0.6729 0.5367 0.5080 0.3282 0.3345 0.2573 0.8604 0.5963 0.4012
84 R275N-HN 1240000 1.0000 0.7359 0.6970 0.5369 0.3948 0.3090 0.3932 0.7835 0.4605 0.4348
85 Q276N-HN 774000 1.0000 0.7875 0.8437 0.5177 0.6424 0.4005 0.4292 0.9559 0.6705 0.4189
86 F277N-HN 880000 1.0000 0.6338 0.5881 0.5483 0.2022 0.2017 0.4197 0.7320 0.4214 0.3159
87 V278N-HN 1237000 1.0000 0.6037 0.6302 0.5529 0.3580 0.3564 0.2281 0.8553 0.5028 0.3466
88 H279N-HN 1985000 1.0000 0.7718 0.6524 0.5582 0.3997 0.3465 0.3216 1.0035 0.5123 0.3790
89 D280N-HN 2320000 1.0000 0.7543 0.6392 0.6181 0.5086 0.4119 0.3142 0.9573 0.5224 0.4591
90 Q282N-HN 1760000 1.0000 0.8756 0.8023 0.6830 0.5046 0.4797 0.4406 1.0511 0.6449 0.5027
91 L283N-HN 2480000 1.0000 0.8468 0.8339 0.7665 0.6411 0.5903 0.5149 0.9806 0.6815 0.6266
92 G284N-HN 1105000 1.0000 0.8071 0.8790 0.5519 0.5743 0.4491 0.4143 0.9937 0.6021 0.4229
93 Y285N-HN 3196000 1.0000 0.8348 0.7422 0.5895 0.4890 0.4371 0.3667 1.0185 0.5363 0.4537
94 L287N-HN 704000 1.0000 0.5033 0.7186 0.6161 0.4906 0.0491 0.2766 0.9379 0.5915 0.2682
95 G308N-HN 9186000 1.0000 0.8981 0.8707 0.8608 0.7123 0.6870 0.6649 1.0081 0.7973 0.7046
96 E309N-HN 745800 1.0000 0.7782 0.7780 0.5412 0.5666 0.4460 0.3836 0.9010 0.4685 0.5705
97 Q316N-HN 1255000 1.0000 0.7414 0.6881 0.5152 0.4312 0.4126 0.2710 1.0151 0.5320 0.4194
98 Q317N-HN 955500 1.0000 0.7760 0.8094 0.6029 0.5329 0.3096 0.4133 0.9220 0.6212 0.3010
99 Y318N-HN 655600 1.0000 0.6582 0.6820 0.5272 0.5604 0.3061 -0.0220 0.7939 0.6022 0.5410
100 C323N-HN 1744000 1.0000 0.7018 0.6571 0.5652 0.4340 0.3085 0.2821 0.9639 0.5763 0.3804
101 V324N-HN 1048000 1.0000 0.8024 0.7075 0.6592 0.4779 0.4198 0.4202 1.0038 0.6462 0.4447
102 Q326N-HN 1119000 1.0000 0.6970 0.7208 0.5667 0.3986 0.4587 0.3718 0.8706 0.5790 0.3552
103 G328N-HN 612300 1.0000 0.6886 0.6523 0.4877 0.4143 0.2608 0.2068 0.8640 0.4895 0.3975
104 G329N-HN 986500 1.0000 0.8495 0.6823 0.7035 0.3865 0.3955 0.3931 0.8609 0.5600 0.5143
105 V330N-HN 1421000 1.0000 0.7375 0.6109 0.5747 0.5001 0.3524 0.3793 1.0936 0.5042 0.3788
106 C332N-HN 1907000 1.0000 0.7069 0.6025 0.5338 0.3745 0.3843 0.3815 0.9318 0.5611 0.3695
107 G336N-HN 876800 1.0000 0.8809 0.8233 0.6037 0.4719 0.3254 0.3983 0.9461 0.4646 0.3947
108 G338N-HN 1064000 1.0000 0.6951 0.6586 0.4497 0.3627 0.3785 0.3445 1.0066 0.4833 0.3346
109 A339N-HN 1963000 1.0000 0.7932 0.7076 0.7040 0.4847 0.5011 0.3989 1.0372 0.6342 0.5619
110 G340N-HN 1998000 1.0000 0.8118 0.6241 0.5095 0.4685 0.4177 0.3389 0.9625 0.5511 0.3397
111 L341N-HN 1273000 1.0000 0.9128 0.8044 0.6756 0.5616 0.4377 0.4614 1.1351 0.6667 0.5179
112 D346N-HN 2296000 1.0000 0.7857 0.8001 0.6590 0.4739 0.4294 0.4078 1.0627 0.6280 0.4591
113 Q347N-HN 2421000 1.0000 0.7646 0.6638 0.6006 0.4436 0.4473 0.3129 0.9707 0.5803 0.3973
114 K349N-HN 1869000 1.0000 0.8796 0.7603 0.6635 0.4949 0.5180 0.4020 1.0064 0.6025 0.4651
115 V350N-HN 1692000 1.0000 0.8859 0.6625 0.5596 0.5340 0.3245 0.2793 0.9846 0.5167 0.4473
116 C352N-HN 1624000 1.0000 0.8824 0.7063 0.5890 0.4903 0.5717 0.3539 0.9594 0.6305 0.4078
117 E353N-HN 2854000 1.0000 0.8556 0.7852 0.6412 0.5214 0.4432 0.4085 0.9604 0.6244 0.4807
118 G354N-HN 2687000 1.0000 0.8608 0.8385 0.7629 0.6528 0.6431 0.6390 0.9825 0.6911 0.6081
119 N356N-HN 641500 1.0000 0.6137 0.7216 0.6182 0.2921 0.3492 0.1670 1.2285 0.5035 0.4887
120 G357N-HN 1220000 1.0000 0.8738 0.8475 0.7061 0.7615 0.5339 0.6273 1.0197 0.7111 0.6416
121 G359N-HN 769500 1.0000 0.7398 0.8157 1.0218 0.8200 0.7222 0.7569 0.8811 1.0878 0.6260
122 F362N-HN 1225000 1.0000 0.8002 0.6791 0.5480 0.4131 0.3127 0.2490 0.9698 0.4240 0.2724
123 A363N-HN 2914000 1.0000 0.7776 0.7704 0.6599 0.4876 0.4434 0.3079 1.0041 0.5635 0.4094
124 F364N-HN 1927000 1.0000 0.6923 0.7514 0.6051 0.4704 0.3757 0.3904 1.0285 0.5599 0.4011
125 C365N-HN 2931000 1.0000 0.6820 0.6762 0.5722 0.4609 0.3767 0.3460 0.9290 0.5445 0.4081
126 R366N-HN 877200 1.0000 0.8113 0.5931 0.5467 0.4289 0.4251 0.2852 1.1163 0.4414 0.3373
127 E367N-HN 1186000 1.0000 0.6730 0.5728 0.4505 0.3442 0.3258 0.3315 0.8895 0.5833 0.4021
128 E370N-HN 1307000 1.0000 0.8355 0.7682 0.5447 0.4245 0.4917 0.3311 0.9220 0.5510 0.6132
129 A371N-HN 3356000 1.0000 0.7825 0.7825 0.5986 0.5128 0.4467 0.3749 1.0289 0.5784 0.4443
130 C377N-HN 4231000 1.0000 0.7906 0.7284 0.5937 0.4883 0.4635 0.4046 0.9858 0.6138 0.4888
131 S378N-HN 1315000 1.0000 0.8418 0.7459 0.5532 0.4373 0.4320 0.3665 0.9011 0.5954 0.4356
132 F381N-HN 2542000 1.0000 0.8183 0.7781 0.6562 0.5889 0.5122 0.3942 1.0216 0.6420 0.5338
133 A383N-HN 4750000 1.0000 0.8964 0.8575 0.8267 0.6741 0.7122 0.6305 1.0091 0.7644 0.7171
134 A390N-HN 2820000 1.0000 0.9674 0.8326 0.7947 0.6486 0.6691 0.5908 1.0642 0.7649 0.6365
135 Y391N-HN 3013000 1.0000 0.8467 0.8204 0.7424 0.6369 0.5719 0.5068 0.9963 0.6542 0.6183
136 R392N-HN 1809000 1.0000 0.8015 0.7479 0.6230 0.5050 0.4896 0.4444 0.9292 0.5782 0.5426
137 V393N-HN 2890000 1.0000 0.8055 0.8024 0.6578 0.5834 0.5287 0.4412 0.9765 0.6142 0.4962
138 D394N-HN 1477000 1.0000 0.7664 0.6324 0.5777 0.4938 0.4332 0.3666 1.0230 0.5958 0.4611
139 E395N-HN 1164000 1.0000 0.8551 0.8091 0.7503 0.4202 0.5488 0.3683 1.1521 0.4933 0.6063
140 E399N-HN 1120000 1.0000 0.5496 0.6827 0.4319 0.3448 0.2473 0.2703 0.8244 0.4055 0.3780
141 A401N-HN 870700 1.0000 0.7093 0.6881 0.5765 0.4824 0.3395 0.3063 0.9902 0.5375 0.4238
142 R402N-HN 2965000 1.0000 0.8226 0.7636 0.5926 0.5332 0.4600 0.3535 1.0061 0.5808 0.4668
143 E404N-HN 1203000 1.0000 0.6874 0.6699 0.4319 0.4549 0.4443 0.3145 1.0416 0.4855 0.3763
144 A405N-HN 2896000 1.0000 0.8501 0.8985 0.8353 0.7279 0.6854 0.6747 0.9824 0.7597 0.7206
145 S407N-HN 1092000 1.0000 0.8425 0.8078 0.7854 0.8162 0.7881 0.6605 1.0485 0.7911 0.6604
146 I411N-HN 3275000 1.0000 0.8553 0.8751 0.8489 0.7145 0.7185 0.7038 0.9533 0.7814 0.7661
147 K413N-HN 2257000 1.0000 0.8888 0.8542 0.8392 0.6278 0.6597 0.5552 0.9499 0.7395 0.6256
148 H433N-HN 888000 1.0000 0.6967 0.8623 0.6775 0.4503 0.4145 0.3315 0.9157 0.4775 0.5851
149 C436N-HN 1053000 1.0000 1.0617 0.8950 0.6994 0.6416 0.3949 0.3406 1.1159 0.6942 0.4003
150 R442N-HN 888700 1.0000 0.6484 0.8253 0.7213 0.6269 0.5580 0.2839 1.0670 0.4985 0.5335
151 W445N-HN 1455000 1.0000 0.5569 0.5353 0.4276 0.3476 0.2236 0.2562 0.8419 0.4518 0.2898
152 C446N-HN 1167000 1.0000 0.6253 0.6426 0.5662 0.4252 0.3549 0.2404 0.9640 0.4907 0.3648
153 W447N-HN 828900 1.0000 0.7405 0.5958 0.4694 0.4286 0.3259 0.1488 0.7520 0.3695 0.3052
154 W462N-HN 954800 1.0000 0.6548 0.7987 0.5138 0.4948 0.2280 0.3229 0.7260 0.5550 0.3444
155 F463N-HN 923300 1.0000 0.7421 0.5579 0.6952 0.3469 0.2561 0.1840 1.0363 0.6744 0.3423
156 D464N-HN 2084000 1.0000 0.7529 0.7159 0.6113 0.4517 0.4275 0.3355 0.9842 0.5288 0.4251
157 V465N-HN 1485000 1.0000 0.7852 0.8276 0.6351 0.5488 0.3980 0.4029 0.9313 0.4962 0.5008
